simple_rnn/simple_rnn_cell/kernel:0
(5, 3)
[[ 0.26744676 -1.0384638   1.5923488 ]
 [-1.7281393   0.37942123  0.28271258]
 [ 0.95252556  1.2066268   1.1032015 ]
 [ 0.04794634  0.5290588  -0.7243117 ]
 [-1.6114713  -1.7107258  -0.10142379]]
simple_rnn/simple_rnn_cell/recurrent_kernel:0
(3, 3)
[[-0.87483037 -0.18346582 -0.44834363]
 [-0.311412    0.9219252   0.23038337]
 [ 0.37107185  0.34116596 -0.86366165]]
simple_rnn/simple_rnn_cell/bias:0
(3,)
[ 0.52209747  0.31396773 -0.3523535 ]
dense/kernel:0
(3, 5)
[[-1.3459349   0.38562876 -1.0356675   1.1732953   0.6098998 ]
 [-1.2593355  -0.7446594   0.2734513   0.7277185   0.88857204]
 [-0.3177827   1.4429173  -0.06495304  0.965806   -1.3872736 ]]
dense/bias:0
(5,)
[-0.01481998  0.11427238  0.39122084 -0.30878404 -0.15287726]
